007587
007567
0075880
007175
0073100
007650
0077970
007172
001021
007603
0076160
001096
001056
001043
007578
0010960
007633
0075480
0010160
0077160
007143
007757
007296
0075630
0010210
0001280
007011
0050590
006938
0000070
0050790
0012430
005520
006968
006376
0070180
0000661
005478
005076
0048250
006936
006034
0064040
0009000
0063710
000656
005521
0008740
0000051
0000961
001830
007533
009111
002131
007437
008541
008892
009215
001706
000280
001778
001677
001569
002277
002075
009031
008381
002408
002281
008781
002008
002470
008492
002000
009077
003470
003074
004774
006627
003059
006531
002927
003115
003351
003318
005623
002807
003510
002798
005488
002860
002824
005526
002938
006688
002955
005143
003138
003121
003024
005662
005882
0058030
005817
0060360
0058771
006881
005332
0053321
0058480
0057331
003868
005309
005851
005710
0002300
0043091
0056791
0056580
0047921
005936
0057420
005808
005750
0054121
