000880
0002130
000522
0000330
000440
000719
000600
000426
0005220
0018200
000207
0004260
0003470
0008140
0007021
000192
000881
000191
000860
000687
0004760
000616
000474
0009101
0001980
003697
003795
003850
003592
003611
003581
003662
003619
003657
003754
003690
003727
003639
003797
003743
003801
003679
003654
003599
003745
003616
003750
003748
003848
003800
0079100
0079170
0079200
007214
005636
0078900
007208
0070850
007703
0076900
007941
007699
007828
007093
000803
007217
0078120
0058860
007103
007770
007882
007238
0006480
007092
007685
001091
003563
0008540
003602
003736
003685
003553
003560
000908
004606
000947
003788
003781
003648
003747
000459
003807
003589
003618
004577
003821
003725
003676
003552
003574
008084
0000891
008094
000094
008191
008293
003407
000705
003383
008141
0080020
002654
003027
003397
000904
002415
002013
0008750
002155
003011
001981
001477
003107
002934
003538
