001120
0008790
0011090
000910
000081
0011091
0009272
000138
000140
0003381
000927
0001402
0009270
0011092
000173
0005012
0001380
0003540
0001730
0009020
0001391
0009101
0000821
0008792
000354
008231
008597
008263
0070750
008143
008297
008022
008175
009197
008329
008020
008230
008930
000257
008172
007984
008274
009016
008076
008579
008913
009185
009024
008019
0080230
0001041
0001670
000921
0000440
000990
000863
000708
0008380
000709
0000822
0008540
0009280
0000450
000108
0000661
0000041
000975
0000171
000124
000122
0001280
0001220
000159
000083
0000830
004867
005190
0049600
005612
005393
005594
004806
005572
005391
006999
006720
006515
006902
006547
006598
005587
005152
005149
006368
005249
005270
0054111
006745
006101
004845
000679
001092
001110
000793
001266
001237
001104
000165
000773
000727
001210
000784
000008
000522
000762
001106
000741
000635
000177
000770
001212
000502
001181
000252
0002291
