10003101
10000072
10002053
10001374
10002722
10000004
10000744
10001166
10000578
10002347
10002833
10001229
10001168
10000943
10001802
10002062
10003120
10001037
10001351
10000192
10002838
10000645
10000125
10000447
10000785
10000464
10000775
10000628
10002808
10000163
10000502
10002912
10001639
10002998
10000121
10002836
10001565
10000227
10002926
10001061
10002033
10001291
10002165
10002194
10000742
10001811
10002031
10002097
10001957
10001962
10002630
10001767
10002997
10000136
10001167
10000189
10000243
10001242
10001265
10003057
10000799
10001587
10001701
10000991
10000289
10002994
10003013
10000619
10000381
10001692
10003063
10000126
10002524
10000016
10002951
10002405
10001807
10002050
10001339
10002840
10001758
10003116
10000357
10002317
10000666
10001441
10000633
10002190
10000000
10001490
10002896
10000584
10001800
10002212
10002198
10000312
10001428
10002454
10002464
10001269
10002960
10002465
10002860
10001477
10000117
10000624
10001104
10000672
10002342
10001084
10002916
10002920
10001785
10002278
10001025
10002370
10002949
10000874
10002801
10002200
10000271
10003000
10002562
10002926
10003031
